1.000000000000000000e+00 -1.997168600000000151e+04 2.338614039421081543e+02
1.100000000000000089e+00 -1.993974599999999919e+04 4.865674840211868286e+02
1.200000000000000178e+00 -1.988543400000000111e+04 9.762236439585685730e+02
1.300000000000000266e+00 -1.980304999999999927e+04 1.805953500032424927e+03
1.400000000000000355e+00 -1.967925800000000163e+04 2.788513435959815979e+03
1.500000000000000444e+00 -1.950800400000000081e+04 4.525839983940124512e+03
1.600000000000000533e+00 -1.928024799999999959e+04 6.503090496003627777e+03
1.700000000000000622e+00 -1.897891800000000148e+04 9.588885275959968567e+03
1.800000000000000711e+00 -1.859077000000000044e+04 1.444817509996891022e+04
1.900000000000000799e+00 -1.809866800000000148e+04 1.949902577590942383e+04
2.000000000000000888e+00 -1.746044199999999910e+04 3.145186063599586487e+04
2.100000000000000977e+00 -1.660859200000000055e+04 4.328585753595829010e+04
2.200000000000000178e+00 -1.546323400000000038e+04 6.610014124399423599e+04
2.209999999999999964e+00 -1.531407200000000012e+04 7.487274681597948074e+04
2.219999999999999751e+00 -1.515336800000000039e+04 7.762478457599878311e+04
2.229999999999999538e+00 -1.499837600000000020e+04 9.001134662398695946e+04
2.239999999999999325e+00 -1.481083599999999933e+04 9.799211710402369499e+04
2.249999999999999112e+00 -1.460649200000000019e+04 1.151560939359664917e+05
2.259999999999998899e+00 -1.436259799999999996e+04 1.317819783959984779e+05
2.269999999999998685e+00 -1.412432799999999952e+04 1.375895404160320759e+05
2.279999999999998472e+00 -1.388984799999999996e+04 1.246198488959968090e+05
2.289999999999998259e+00 -1.366379999999999927e+04 1.210667280000448227e+05
2.299999999999998046e+00 -1.346981400000000031e+04 1.087186214039921761e+05
2.309999999999997833e+00 -1.328909399999999914e+04 1.026580591640174389e+05
2.319999999999997620e+00 -1.310213600000000042e+04 8.746767750397324562e+04
2.329999999999997407e+00 -1.293500000000000000e+04 7.799525600001215935e+04
2.339999999999997193e+00 -1.279602599999999984e+04 8.174632732400298119e+04
2.349999999999996980e+00 -1.265978000000000065e+04 7.453263959997892380e+04
2.359999999999996767e+00 -1.252013400000000001e+04 7.356352604401111603e+04
2.369999999999996554e+00 -1.240114199999999983e+04 7.047846383601427078e+04
2.379999999999996341e+00 -1.226715200000000004e+04 6.557870489600300789e+04
2.389999999999996128e+00 -1.215129600000000028e+04 6.854862438398599625e+04
2.399999999999995914e+00 -1.203352399999999943e+04 6.476364542400836945e+04
2.500000000000000000e+00 -1.105795999999999913e+04 5.601492640002071857e+04
2.600000000000000089e+00 -1.027759799999999996e+04 4.855318239600956440e+04
2.700000000000000178e+00 -9.642564000000000306e+03 4.339073790398240089e+04
2.800000000000000266e+00 -9.079477999999999156e+03 4.052024751602113247e+04
2.900000000000000355e+00 -8.601757999999999811e+03 3.810912543600797653e+04
3.000000000000000444e+00 -8.166810000000000400e+03 3.649105589999258518e+04
3.100000000000000533e+00 -7.794923999999999978e+03 3.543209022399783134e+04
3.200000000000000622e+00 -7.453768000000000029e+03 3.353325817600637674e+04
3.300000000000000711e+00 -7.141597999999999956e+03 3.101865439600497484e+04
3.400000000000000799e+00 -6.858408000000000357e+03 3.020837753599137068e+04
3.500000000000000888e+00 -6.601177999999999884e+03 3.095657231600582600e+04
3.600000000000000977e+00 -6.362666000000000167e+03 3.040602044399827719e+04
3.700000000000001066e+00 -6.147546000000000276e+03 2.799799388399720192e+04
3.800000000000001155e+00 -5.938305999999999585e+03 3.015913836400955915e+04
3.900000000000001243e+00 -5.740912000000000262e+03 2.914929625599831343e+04
4.000000000000001776e+00 -5.570636000000000422e+03 2.863565950399264693e+04
