2.000000000000000000e+00 -1.573205999999999904e+03 2.725001564000267535e+03
2.100000000000000089e+00 -1.492309999999999945e+03 3.906151900000404567e+03
2.200000000000000178e+00 -1.390670000000000073e+03 6.464799099999712780e+03
2.209999999999999964e+00 -1.379084000000000060e+03 6.718504943999694660e+03
2.219999999999999751e+00 -1.364001999999999953e+03 6.650999996000202373e+03
2.229999999999999538e+00 -1.352481999999999971e+03 7.170575675999978557e+03
2.239999999999999325e+00 -1.335991999999999962e+03 7.493167936000041664e+03
2.249999999999999112e+00 -1.321855999999999995e+03 7.506219263999955729e+03
2.259999999999998899e+00 -1.305559999999999945e+03 8.378654400000115857e+03
2.269999999999998685e+00 -1.290953999999999951e+03 8.477153884000144899e+03
2.279999999999998472e+00 -1.272576000000000022e+03 8.987124223999911919e+03
2.289999999999998259e+00 -1.251311999999999898e+03 8.770342656000284478e+03
2.299999999999998046e+00 -1.240657999999999902e+03 8.544455036000115797e+03
2.309999999999997833e+00 -1.222394000000000005e+03 8.851012764000101015e+03
2.319999999999997620e+00 -1.203465999999999894e+03 8.728890844000270590e+03
2.329999999999997407e+00 -1.193006000000000085e+03 8.559587963999947533e+03
2.339999999999997193e+00 -1.174150000000000091e+03 8.668153499999782071e+03
2.349999999999996980e+00 -1.158894000000000005e+03 8.360000763999996707e+03
2.359999999999996767e+00 -1.145281999999999925e+03 8.152764476000331342e+03
2.369999999999996554e+00 -1.129296000000000049e+03 7.759552383999805897e+03
2.379999999999996341e+00 -1.121130000000000109e+03 7.906235099999699742e+03
2.389999999999996128e+00 -1.101980000000000018e+03 7.291407600000035018e+03
2.399999999999995914e+00 -1.090700000000000045e+03 6.582709999999962747e+03
2.500000000000000000e+00 -9.927400000000000091e+02 5.086140400000032969e+03
2.600000000000000089e+00 -9.289579999999999700e+02 4.538914236000040546e+03
2.700000000000000178e+00 -8.684239999999999782e+02 3.981580224000033922e+03
2.800000000000000266e+00 -8.170520000000000209e+02 3.423085296000004746e+03
2.900000000000000355e+00 -7.743619999999999663e+02 3.344940956000005826e+03
3.000000000000000444e+00 -7.368799999999999955e+02 3.289465599999995902e+03
