2.000000000000000000e+00 -2.792190000000000055e+03 4.711619900000281632e+03
2.100000000000000089e+00 -2.658530000000000200e+03 7.017511099998839200e+03
2.200000000000000178e+00 -2.471173999999999978e+03 1.084743772399984300e+04
2.209999999999999964e+00 -2.450007999999999811e+03 1.134268793600145727e+04
2.219999999999999751e+00 -2.428853999999999814e+03 1.249548668400105089e+04
2.229999999999999538e+00 -2.402311999999999898e+03 1.350145465600118041e+04
2.239999999999999325e+00 -2.373487999999999829e+03 1.367546585600078106e+04
2.249999999999999112e+00 -2.341110000000000127e+03 1.477299989999923855e+04
2.259999999999998899e+00 -2.310887999999999920e+03 1.595197945600003004e+04
2.269999999999998685e+00 -2.287474000000000160e+03 1.655907532399985939e+04
2.279999999999998472e+00 -2.255742000000000189e+03 1.585174943599849939e+04
2.289999999999998259e+00 -2.224492000000000189e+03 1.720188593599852175e+04
2.299999999999998046e+00 -2.185677999999999884e+03 1.751285631600022316e+04
2.309999999999997833e+00 -2.151382000000000062e+03 1.515908207600004971e+04
2.319999999999997620e+00 -2.122289999999999964e+03 1.585962790000066161e+04
2.329999999999997407e+00 -2.098023999999999887e+03 1.603115142400003970e+04
2.339999999999997193e+00 -2.074121999999999844e+03 1.438606511600036174e+04
2.349999999999996980e+00 -2.044470000000000027e+03 1.379503509999997914e+04
2.359999999999996767e+00 -2.017521999999999935e+03 1.326311551600042731e+04
2.369999999999996554e+00 -1.996798000000000002e+03 1.241477919600019231e+04
2.379999999999996341e+00 -1.972615999999999985e+03 1.226501254400005564e+04
2.389999999999996128e+00 -1.951943999999999960e+03 1.214481286399997771e+04
2.399999999999995914e+00 -1.926284000000000106e+03 1.088953534399950877e+04
2.500000000000000000e+00 -1.770251999999999953e+03 8.700816496000159532e+03
2.600000000000000089e+00 -1.647604000000000042e+03 7.493379183999728411e+03
2.700000000000000178e+00 -1.543094000000000051e+03 6.849587164000142366e+03
2.800000000000000266e+00 -1.448153999999999996e+03 6.146720284000039101e+03
2.900000000000000355e+00 -1.373288000000000011e+03 5.826293055999791250e+03
3.000000000000000444e+00 -1.308211999999999989e+03 5.832451056000078097e+03
