1.000000000000000000e+00 -7.190073999999999614e+03 7.767452400177717209e+01
1.100000000000000089e+00 -7.177623999999999796e+03 1.866906240060925484e+02
1.200000000000000178e+00 -7.158453999999999724e+03 3.603698840066790581e+02
1.300000000000000266e+00 -7.128462000000000444e+03 6.145145559906959534e+02
1.400000000000000355e+00 -7.085210000000000036e+03 9.818079000040888786e+02
1.500000000000000444e+00 -7.025497999999999593e+03 1.615843996003270149e+03
1.600000000000000533e+00 -6.941064000000000306e+03 2.459555903993546963e+03
1.700000000000000622e+00 -6.835014000000000124e+03 3.362011803992092609e+03
1.800000000000000711e+00 -6.691717999999999847e+03 4.937448476001620293e+03
1.900000000000000799e+00 -6.516413999999999760e+03 6.840444604001939297e+03
2.000000000000000888e+00 -6.282427999999999884e+03 1.053770481600612402e+04
2.100000000000000977e+00 -5.983069999999999709e+03 1.574312709999829531e+04
2.200000000000000178e+00 -5.566126000000000204e+03 2.367990412399917841e+04
2.209999999999999964e+00 -5.514868000000000393e+03 2.571959857599437237e+04
2.219999999999999751e+00 -5.465105999999999767e+03 2.826385676399990916e+04
2.229999999999999538e+00 -5.400930000000000291e+03 3.104515909999608994e+04
2.239999999999999325e+00 -5.334430000000000291e+03 3.221704709999635816e+04
2.249999999999999112e+00 -5.273115999999999985e+03 3.570096254399791360e+04
2.259999999999998899e+00 -5.198394000000000233e+03 3.634510876399651170e+04
2.269999999999998685e+00 -5.117703999999999724e+03 3.842106438400223851e+04
2.279999999999998472e+00 -5.035826000000000022e+03 4.148580172400176525e+04
2.289999999999998259e+00 -4.955533999999999651e+03 4.250276684400066733e+04
2.299999999999998046e+00 -4.891576000000000022e+03 3.877666822399944067e+04
2.309999999999997833e+00 -4.803887999999999920e+03 3.947134745600074530e+04
2.319999999999997620e+00 -4.740341999999999643e+03 3.564640303600206971e+04
2.329999999999997407e+00 -4.677336000000000240e+03 3.184175110399723053e+04
2.339999999999997193e+00 -4.618265999999999622e+03 3.248687324400246143e+04
2.349999999999996980e+00 -4.567278000000000247e+03 2.897239871599897742e+04
2.359999999999996767e+00 -4.514572000000000116e+03 2.940080881599709392e+04
2.369999999999996554e+00 -4.462630000000000109e+03 2.522825910000130534e+04
2.379999999999996341e+00 -4.423847999999999956e+03 2.475346489600092173e+04
2.389999999999996128e+00 -4.374507999999999811e+03 2.611423793600127101e+04
2.399999999999995914e+00 -4.331167999999999665e+03 2.377549977600201964e+04
2.500000000000000000e+00 -3.982280000000000200e+03 1.920067359999939799e+04
2.600000000000000089e+00 -3.705472000000000207e+03 1.765724121599830687e+04
2.700000000000000178e+00 -3.469411999999999807e+03 1.593645425600185990e+04
2.800000000000000266e+00 -3.271623999999999796e+03 1.499630662400089204e+04
2.900000000000000355e+00 -3.095326000000000022e+03 1.384697772400081158e+04
3.000000000000000444e+00 -2.942909999999999854e+03 1.317509190000034869e+04
3.100000000000000533e+00 -2.803775999999999840e+03 1.223719782400038093e+04
3.200000000000000622e+00 -2.685271999999999935e+03 1.232211001600045711e+04
3.300000000000000711e+00 -2.571166000000000167e+03 1.176966444399952888e+04
3.400000000000000799e+00 -2.469000000000000000e+03 1.090514400000032037e+04
3.500000000000000888e+00 -2.375384000000000015e+03 1.053483654400054365e+04
3.600000000000000977e+00 -2.287847999999999956e+03 1.072528889600001276e+04
3.700000000000001066e+00 -2.211903999999999996e+03 1.027754278399981558e+04
3.800000000000001155e+00 -2.139211999999999989e+03 1.065353905599936843e+04
3.900000000000001243e+00 -2.070655999999999949e+03 1.029683366400003433e+04
4.000000000000001776e+00 -2.004367999999999938e+03 9.541256576000247151e+03
