2.000000000000000000e+00 9.115111999999999171e+03 8.310659456014633179e+03
2.100000000000000089e+00 8.679750000000000000e+03 3.656472149999439716e+04
2.200000000000000178e+00 7.843560999999999694e+03 1.285753572790026665e+05
2.209999999999999964e+00 7.685969000000000051e+03 1.917793850390017033e+05
2.219999999999999751e+00 7.510190999999999804e+03 2.909146495190039277e+05
2.229999999999999538e+00 7.288898000000000138e+03 4.921161775959953666e+05
2.239999999999999325e+00 6.970837000000000444e+03 8.812176934309974313e+05
2.249999999999999112e+00 6.505721999999999753e+03 1.702118466715998948e+06
2.259999999999998899e+00 5.893742000000000189e+03 2.677077905435994267e+06
2.269999999999998685e+00 5.195627000000000407e+03 3.452725822870995849e+06
2.279999999999998472e+00 4.446748999999999796e+03 3.680087156999003142e+06
2.289999999999998259e+00 3.745730000000000018e+03 3.748259939099999145e+06
2.299999999999998046e+00 3.173005999999999858e+03 3.298055035964000970e+06
2.309999999999997833e+00 2.668356000000000222e+03 2.733942577263998799e+06
2.319999999999997620e+00 2.271335000000000036e+03 2.145609707774999551e+06
2.329999999999997407e+00 1.934021999999999935e+03 1.787003019516000524e+06
2.339999999999997193e+00 1.675694999999999936e+03 1.455239100974999834e+06
2.349999999999996980e+00 1.537742999999999938e+03 1.164566715951000340e+06
2.359999999999996767e+00 1.389667999999999893e+03 1.012136273776000366e+06
2.369999999999996554e+00 1.273078999999999951e+03 8.677692097590002231e+05
2.379999999999996341e+00 1.163895999999999958e+03 7.593565211839999538e+05
2.389999999999996128e+00 1.069001999999999953e+03 6.598298799960000906e+05
2.399999999999995914e+00 1.037440000000000055e+03 5.435306783999998588e+05
2.500000000000000000e+00 6.381259999999999764e+02 2.180012201240000431e+05
2.600000000000000089e+00 4.738059999999999832e+02 1.330803463640000264e+05
2.700000000000000178e+00 3.876440000000000055e+02 8.454693326399999205e+04
2.800000000000000266e+00 3.470960000000000036e+02 6.556435878399999638e+04
2.900000000000000355e+00 2.906779999999999973e+02 4.698668831600001431e+04
3.000000000000000444e+00 2.673170000000000073e+02 4.098962751099998422e+04
