2.000000000000000000e+00 8.206530000000000200e+02 7.198035910000326112e+02
2.100000000000000089e+00 7.792179999999999609e+02 2.011496476000058465e+03
2.200000000000000178e+00 7.057799999999999727e+02 8.223563600000052247e+03
2.209999999999999964e+00 6.920549999999999500e+02 1.131839097500010394e+04
2.219999999999999751e+00 6.810739999999999554e+02 1.148572652400005609e+04
2.229999999999999538e+00 6.695520000000000209e+02 1.315428729599999497e+04
2.239999999999999325e+00 6.512730000000000246e+02 1.590731347099994309e+04
2.249999999999999112e+00 6.318609999999999900e+02 1.910237067900004331e+04
2.259999999999998899e+00 6.093440000000000509e+02 2.438868166399997426e+04
2.269999999999998685e+00 5.965049999999999955e+02 2.419551497499999823e+04
2.279999999999998472e+00 5.725750000000000455e+02 2.696174337499996182e+04
2.289999999999998259e+00 5.381770000000000209e+02 3.191911867100000381e+04
2.299999999999998046e+00 5.187509999999999764e+02 3.501854199900000822e+04
2.309999999999997833e+00 4.915419999999999732e+02 3.776514223600001424e+04
2.319999999999997620e+00 4.623639999999999759e+02 3.884977950400000555e+04
2.329999999999997407e+00 4.507379999999999995e+02 3.737526735599999665e+04
2.339999999999997193e+00 4.183890000000000100e+02 3.946721467899999698e+04
2.349999999999996980e+00 4.004560000000000173e+02 3.855052806399998371e+04
2.359999999999996767e+00 3.725889999999999986e+02 3.871229907899998943e+04
2.369999999999996554e+00 3.504409999999999741e+02 3.822381551900001068e+04
2.379999999999996341e+00 3.399529999999999745e+02 3.661413179100002162e+04
2.389999999999996128e+00 3.167509999999999764e+02 3.364055799899999693e+04
2.399999999999995914e+00 2.940199999999999818e+02 3.300689560000001802e+04
2.500000000000000000e+00 1.919209999999999923e+02 1.736521175899999798e+04
2.600000000000000089e+00 1.448689999999999998e+02 1.141912683900000047e+04
2.700000000000000178e+00 1.193280000000000030e+02 7.848736415999997917e+03
2.800000000000000266e+00 1.034360000000000070e+02 5.854785904000000301e+03
2.900000000000000355e+00 9.037900000000000489e+01 4.566090358999998898e+03
3.000000000000000444e+00 8.073000000000000398e+01 3.853679100000000290e+03
