1.000000000000000000e+00 1.598888999999999896e+03 2.447678999975323677e+00
1.100000000000000089e+00 1.597527000000000044e+03 5.290270999539643526e+00
1.200000000000000178e+00 1.595174999999999955e+03 1.193737500021234155e+01
1.300000000000000266e+00 1.591587999999999965e+03 2.167025600001215935e+01
1.400000000000000355e+00 1.586115000000000009e+03 3.823277499992400408e+01
1.500000000000000444e+00 1.578516000000000076e+03 6.110974399978294969e+01
1.600000000000000533e+00 1.567163999999999987e+03 1.139131040000356734e+02
1.700000000000000622e+00 1.551589999999999918e+03 2.002479000003077090e+02
1.800000000000000711e+00 1.530839999999999918e+03 3.253984000002965331e+02
1.900000000000000799e+00 1.502244999999999891e+03 6.067299750004895031e+02
2.000000000000000888e+00 1.457988000000000056e+03 1.240183855999726802e+03
2.100000000000000977e+00 1.389517000000000053e+03 3.399420710999984294e+03
2.200000000000000178e+00 1.252522999999999911e+03 1.597280847100028768e+04
2.209999999999999964e+00 1.232541999999999916e+03 2.097806223600031808e+04
2.219999999999999751e+00 1.208922000000000025e+03 2.641359391599986702e+04
2.229999999999999538e+00 1.183476000000000113e+03 3.130706942399987020e+04
2.239999999999999325e+00 1.145315000000000055e+03 3.898620477499999106e+04
2.249999999999999112e+00 1.099442999999999984e+03 5.400583975100005046e+04
2.259999999999998899e+00 1.051647999999999911e+03 6.518836009600013494e+04
2.269999999999998685e+00 1.014770999999999958e+03 7.617951955900015309e+04
2.279999999999998472e+00 9.649099999999999682e+02 8.380694390000007115e+04
2.289999999999998259e+00 9.108509999999999991e+02 9.664001379899994936e+04
2.299999999999998046e+00 8.366670000000000300e+02 1.117162451109999092e+05
2.309999999999997833e+00 7.770750000000000455e+02 1.083400783749999246e+05
2.319999999999997620e+00 7.143990000000000009e+02 1.168142507990000304e+05
2.329999999999997407e+00 6.789080000000000155e+02 1.128480675359999877e+05
2.339999999999997193e+00 6.383980000000000246e+02 1.094630695959999575e+05
2.349999999999996980e+00 5.774719999999999800e+02 1.064221852160000708e+05
2.359999999999996767e+00 5.262409999999999854e+02 1.027359359190000105e+05
2.369999999999996554e+00 4.909590000000000032e+02 9.056513831900001969e+04
2.379999999999996341e+00 4.575950000000000273e+02 8.270752597499999683e+04
2.389999999999996128e+00 4.342520000000000095e+02 7.641770049600000493e+04
2.399999999999995914e+00 3.910539999999999736e+02 6.690561308400004054e+04
2.500000000000000000e+00 2.575459999999999923e+02 3.318150988400001370e+04
2.600000000000000089e+00 1.972769999999999868e+02 1.998953127100000711e+04
2.700000000000000178e+00 1.545430000000000064e+02 1.352354315100000167e+04
2.800000000000000266e+00 1.347620000000000005e+02 9.695339355999996769e+03
2.900000000000000355e+00 1.196400000000000006e+02 8.108702400000000125e+03
3.000000000000000444e+00 1.099869999999999948e+02 6.764633831000002829e+03
3.100000000000000533e+00 1.010639999999999930e+02 5.500971904000001814e+03
3.200000000000000622e+00 9.543699999999999761e+01 5.057413031000000046e+03
3.300000000000000711e+00 8.956100000000000705e+01 4.638109278999998423e+03
3.400000000000000799e+00 8.303100000000000591e+01 3.767463038999999299e+03
3.500000000000000888e+00 8.081000000000000227e+01 3.743271899999999732e+03
3.600000000000000977e+00 7.350100000000000477e+01 3.196352998999999727e+03
3.700000000000001066e+00 7.263700000000000045e+01 3.071868231000000378e+03
3.800000000000001155e+00 7.090999999999999659e+01 2.861347900000000664e+03
3.900000000000001243e+00 6.751200000000000045e+01 2.585225855999999112e+03
4.000000000000001776e+00 6.544400000000000261e+01 2.422314863999999943e+03
