2.000000000000000000e+00 3.280422000000000025e+03 2.603181916000321507e+03
2.100000000000000089e+00 3.127896999999999935e+03 7.128267390999943018e+03
2.200000000000000178e+00 2.826956999999999880e+03 3.536345415100082755e+04
2.209999999999999964e+00 2.770481999999999971e+03 5.687158367600012571e+04
2.219999999999999751e+00 2.719896999999999935e+03 7.187255939100030810e+04
2.229999999999999538e+00 2.638480000000000018e+03 1.034419056000001729e+05
2.239999999999999325e+00 2.548447000000000116e+03 1.411430221909992397e+05
2.249999999999999112e+00 2.443842999999999847e+03 2.014685293510006741e+05
2.259999999999998899e+00 2.331431000000000040e+03 2.518190102390004322e+05
2.269999999999998685e+00 2.154398999999999887e+03 3.512453627989999950e+05
2.279999999999998472e+00 1.968352000000000089e+03 4.287809680959996767e+05
2.289999999999998259e+00 1.755659000000000106e+03 5.126165977189997211e+05
2.299999999999998046e+00 1.603523999999999887e+03 5.267905934240003116e+05
2.309999999999997833e+00 1.414728000000000065e+03 5.021110940159996971e+05
2.319999999999997620e+00 1.260731999999999971e+03 4.889360521759998519e+05
2.329999999999997407e+00 1.150263999999999896e+03 4.513631343040002976e+05
2.339999999999997193e+00 1.006576000000000022e+03 3.948595202239999780e+05
2.349999999999996980e+00 9.223500000000000227e+02 3.525951294999999227e+05
2.359999999999996767e+00 8.416269999999999527e+02 3.033736028710000683e+05
2.369999999999996554e+00 7.306159999999999854e+02 2.724230565440000501e+05
2.379999999999996341e+00 7.076100000000000136e+02 2.340351638999999850e+05
2.389999999999996128e+00 6.437670000000000528e+02 2.110498397109999787e+05
2.399999999999995914e+00 6.062359999999999900e+02 1.815482883040000452e+05
2.500000000000000000e+00 3.819769999999999754e+02 8.125234947100002319e+04
2.600000000000000089e+00 2.958799999999999955e+02 5.015844160000000556e+04
2.700000000000000178e+00 2.332889999999999873e+02 3.113130447900001309e+04
2.800000000000000266e+00 2.025589999999999975e+02 2.370392951900000480e+04
2.900000000000000355e+00 1.865289999999999964e+02 1.964370215900000039e+04
3.000000000000000444e+00 1.607769999999999868e+02 1.531360227100000338e+04
